# R script for Peak Model
#  -- generated by MACS
p <- c(0.013441892618480682,0.013441892618480682,0.013441892618480682,0.013441892618480682,0.01728243336661802,0.013441892618480682,0.011521622244412014,0.009601351870343344,0.009601351870343344,0.005760811122206007,0.005760811122206007,0.005760811122206007,0.005760811122206007,0.009601351870343344,0.007681081496274675,0.007681081496274675,0.005760811122206007,0.009601351870343344,0.011521622244412014,0.011521622244412014,0.01536216299254935,0.01728243336661802,0.01728243336661802,0.013441892618480682,0.011521622244412014,0.013441892618480682,0.013441892618480682,0.011521622244412014,0.009601351870343344,0.009601351870343344,0.005760811122206007,0.007681081496274675,0.009601351870343344,0.011521622244412014,0.011521622244412014,0.011521622244412014,0.013441892618480682,0.013441892618480682,0.013441892618480682,0.013441892618480682,0.01728243336661802,0.013441892618480682,0.013441892618480682,0.011521622244412014,0.013441892618480682,0.011521622244412014,0.009601351870343344,0.013441892618480682,0.01536216299254935,0.01536216299254935,0.013441892618480682,0.013441892618480682,0.011521622244412014,0.01536216299254935,0.01536216299254935,0.01728243336661802,0.019202703740686687,0.013441892618480682,0.011521622244412014,0.013441892618480682,0.011521622244412014,0.011521622244412014,0.011521622244412014,0.007681081496274675,0.005760811122206007,0.0038405407481373376,0.0019202703740686688,0.0019202703740686688,0.0038405407481373376,0.0019202703740686688,0.0019202703740686688,0.0019202703740686688,0.0019202703740686688,0.0019202703740686688,0.0038405407481373376,0.009601351870343344,0.011521622244412014,0.011521622244412014,0.009601351870343344,0.009601351870343344,0.013441892618480682,0.01536216299254935,0.01536216299254935,0.01728243336661802,0.01728243336661802,0.011521622244412014,0.009601351870343344,0.011521622244412014,0.01536216299254935,0.01728243336661802,0.01536216299254935,0.013441892618480682,0.01536216299254935,0.01728243336661802,0.01728243336661802,0.01728243336661802,0.01728243336661802,0.01536216299254935,0.011521622244412014,0.009601351870343344,0.007681081496274675,0.007681081496274675,0.005760811122206007,0.0038405407481373376,0.0038405407481373376,0.0038405407481373376,0.0038405407481373376,0.0038405407481373376,0.005760811122206007,0.005760811122206007,0.007681081496274675,0.007681081496274675,0.009601351870343344,0.009601351870343344,0.009601351870343344,0.009601351870343344,0.011521622244412014,0.011521622244412014,0.011521622244412014,0.011521622244412014,0.009601351870343344,0.009601351870343344,0.007681081496274675,0.005760811122206007,0.0038405407481373376,0.0038405407481373376,0.0019202703740686688,0.0038405407481373376,0.005760811122206007,0.007681081496274675,0.007681081496274675,0.007681081496274675,0.007681081496274675,0.007681081496274675,0.011521622244412014,0.011521622244412014,0.011521622244412014,0.009601351870343344,0.007681081496274675,0.005760811122206007,0.007681081496274675,0.007681081496274675,0.007681081496274675,0.009601351870343344,0.005760811122206007,0.005760811122206007,0.005760811122206007,0.007681081496274675,0.005760811122206007,0.005760811122206007,0.005760811122206007,0.005760811122206007,0.005760811122206007,0.0038405407481373376,0.0038405407481373376,0.0038405407481373376,0.0038405407481373376,0.0038405407481373376,0.005760811122206007,0.005760811122206007,0.0038405407481373376,0.007681081496274675,0.009601351870343344,0.011521622244412014,0.011521622244412014,0.01728243336661802,0.01728243336661802,0.01536216299254935,0.01536216299254935,0.01536216299254935,0.01536216299254935,0.013441892618480682,0.013441892618480682,0.011521622244412014,0.01536216299254935,0.011521622244412014,0.01536216299254935,0.01728243336661802,0.01728243336661802,0.01728243336661802,0.01728243336661802,0.019202703740686687,0.01728243336661802,0.01728243336661802,0.013441892618480682,0.011521622244412014,0.007681081496274675,0.005760811122206007,0.005760811122206007,0.005760811122206007,0.009601351870343344,0.007681081496274675,0.007681081496274675,0.007681081496274675,0.009601351870343344,0.009601351870343344,0.011521622244412014,0.013441892618480682,0.011521622244412014,0.011521622244412014,0.007681081496274675,0.007681081496274675,0.009601351870343344,0.009601351870343344,0.007681081496274675,0.007681081496274675,0.005760811122206007,0.0038405407481373376,0.005760811122206007,0.005760811122206007,0.005760811122206007,0.0038405407481373376,0.0038405407481373376,0.0038405407481373376,0.005760811122206007,0.007681081496274675,0.007681081496274675,0.007681081496274675,0.005760811122206007,0.009601351870343344,0.009601351870343344,0.011521622244412014,0.011521622244412014,0.011521622244412014,0.009601351870343344,0.007681081496274675,0.007681081496274675,0.007681081496274675,0.007681081496274675,0.0038405407481373376,0.0038405407481373376,0.0038405407481373376,0.0019202703740686688,0.0038405407481373376,0.0038405407481373376,0.0038405407481373376,0.0038405407481373376,0.0038405407481373376,0.009601351870343344,0.009601351870343344,0.011521622244412014,0.009601351870343344,0.013441892618480682,0.011521622244412014,0.011521622244412014,0.011521622244412014,0.011521622244412014,0.011521622244412014,0.005760811122206007,0.005760811122206007,0.005760811122206007,0.005760811122206007,0.0019202703740686688,0.0019202703740686688,0.0019202703740686688,0.0038405407481373376,0.0038405407481373376,0.0038405407481373376,0.0038405407481373376,0.0038405407481373376,0.0019202703740686688,0.0019202703740686688,0.0019202703740686688,0.0038405407481373376,0.0038405407481373376,0.0019202703740686688,0.0019202703740686688,0.0019202703740686688,0.0019202703740686688,0.0019202703740686688,0.0019202703740686688,0.0019202703740686688,0.0019202703740686688,0.0,0.0019202703740686688,0.0019202703740686688,0.0019202703740686688,0.0019202703740686688,0.0038405407481373376,0.005760811122206007,0.009601351870343344,0.011521622244412014,0.011521622244412014,0.01536216299254935,0.013441892618480682,0.01536216299254935,0.01728243336661802,0.01728243336661802,0.01536216299254935,0.01536216299254935,0.011521622244412014,0.009601351870343344,0.009601351870343344,0.005760811122206007,0.005760811122206007,0.005760811122206007,0.0038405407481373376,0.0038405407481373376,0.0038405407481373376,0.0019202703740686688,0.01728243336661802,0.046086488977648055,0.08449189645902143,0.1228973039403948,0.1478608188032875,0.16322298179583686,0.18818649665872955,0.2093094707734849,0.24963514862892694,0.28612028573623166,0.30916353022505566,0.3053229894769183,0.2995621783547123,0.284200015362163,0.2880405561103003,0.2880405561103003,0.2822797449880943,0.28035947461402566,0.27651893386588833,0.27459866349181966,0.27459866349181966,0.272678393117751,0.27459866349181966,0.278439204239957,0.2822797449880943,0.284200015362163,0.289960826484369,0.301482448728781,0.29764190798064366,0.30340271910284966,0.295721637606575,0.3053229894769183,0.3053229894769183,0.3168446117213304,0.2995621783547123,0.30340271910284966,0.3110838005991244,0.3206851524694677,0.3283662339657424,0.3226054228435364,0.31876488209539905,0.307243259850987,0.29188109685843766,0.266917581995545,0.27651893386588833,0.2822797449880943,0.27459866349181966,0.26499731162147633,0.2592365004992703,0.2573162301252016,0.25539595975113294,0.266917581995545,0.278439204239957,0.2938013672325063,0.2995621783547123,0.29764190798064366,0.295721637606575,0.29764190798064366,0.2880405561103003,0.29764190798064366,0.295721637606575,0.284200015362163,0.28035947461402566,0.29188109685843766,0.3053229894769183,0.3053229894769183,0.307243259850987,0.289960826484369,0.295721637606575,0.295721637606575,0.307243259850987,0.30340271910284966,0.2995621783547123,0.29188109685843766,0.2880405561103003,0.30340271910284966,0.295721637606575,0.30340271910284966,0.30340271910284966,0.2880405561103003,0.284200015362163,0.301482448728781,0.3110838005991244,0.3110838005991244,0.30340271910284966,