# R script for Peak Model
#  -- generated by MACS
p <- c(0.006123323740126141,0.00816443165350152,0.010205539566876901,0.012246647480252282,0.012246647480252282,0.014287755393627661,0.010205539566876901,0.010205539566876901,0.012246647480252282,0.010205539566876901,0.012246647480252282,0.012246647480252282,0.010205539566876901,0.010205539566876901,0.010205539566876901,0.010205539566876901,0.012246647480252282,0.012246647480252282,0.010205539566876901,0.010205539566876901,0.00816443165350152,0.006123323740126141,0.006123323740126141,0.00816443165350152,0.00816443165350152,0.012246647480252282,0.010205539566876901,0.014287755393627661,0.014287755393627661,0.020411079133753802,0.020411079133753802,0.020411079133753802,0.020411079133753802,0.01632886330700304,0.01632886330700304,0.012246647480252282,0.014287755393627661,0.012246647480252282,0.014287755393627661,0.00816443165350152,0.00816443165350152,0.00816443165350152,0.01632886330700304,0.018369971220378423,0.018369971220378423,0.01632886330700304,0.01632886330700304,0.020411079133753802,0.018369971220378423,0.018369971220378423,0.018369971220378423,0.018369971220378423,0.012246647480252282,0.012246647480252282,0.012246647480252282,0.012246647480252282,0.010205539566876901,0.00408221582675076,0.00408221582675076,0.00408221582675076,0.006123323740126141,0.00816443165350152,0.006123323740126141,0.00408221582675076,0.00408221582675076,0.006123323740126141,0.014287755393627661,0.014287755393627661,0.01632886330700304,0.01632886330700304,0.014287755393627661,0.014287755393627661,0.01632886330700304,0.01632886330700304,0.01632886330700304,0.01632886330700304,0.00816443165350152,0.010205539566876901,0.012246647480252282,0.012246647480252282,0.014287755393627661,0.012246647480252282,0.010205539566876901,0.010205539566876901,0.012246647480252282,0.012246647480252282,0.012246647480252282,0.010205539566876901,0.006123323740126141,0.010205539566876901,0.00816443165350152,0.010205539566876901,0.012246647480252282,0.014287755393627661,0.014287755393627661,0.014287755393627661,0.014287755393627661,0.01632886330700304,0.01632886330700304,0.012246647480252282,0.014287755393627661,0.012246647480252282,0.010205539566876901,0.010205539566876901,0.00816443165350152,0.006123323740126141,0.006123323740126141,0.006123323740126141,0.00816443165350152,0.00816443165350152,0.006123323740126141,0.00816443165350152,0.010205539566876901,0.010205539566876901,0.012246647480252282,0.012246647480252282,0.014287755393627661,0.012246647480252282,0.010205539566876901,0.010205539566876901,0.010205539566876901,0.012246647480252282,0.010205539566876901,0.010205539566876901,0.00816443165350152,0.00816443165350152,0.006123323740126141,0.006123323740126141,0.006123323740126141,0.010205539566876901,0.010205539566876901,0.006123323740126141,0.00816443165350152,0.006123323740126141,0.00816443165350152,0.00816443165350152,0.00816443165350152,0.010205539566876901,0.010205539566876901,0.006123323740126141,0.006123323740126141,0.006123323740126141,0.006123323740126141,0.00816443165350152,0.006123323740126141,0.00816443165350152,0.00816443165350152,0.010205539566876901,0.010205539566876901,0.012246647480252282,0.014287755393627661,0.014287755393627661,0.012246647480252282,0.010205539566876901,0.010205539566876901,0.00816443165350152,0.010205539566876901,0.00816443165350152,0.00816443165350152,0.006123323740126141,0.006123323740126141,0.006123323740126141,0.010205539566876901,0.012246647480252282,0.012246647480252282,0.014287755393627661,0.012246647480252282,0.010205539566876901,0.010205539566876901,0.010205539566876901,0.012246647480252282,0.012246647480252282,0.012246647480252282,0.012246647480252282,0.014287755393627661,0.014287755393627661,0.014287755393627661,0.020411079133753802,0.02245218704712918,0.02245218704712918,0.018369971220378423,0.018369971220378423,0.01632886330700304,0.014287755393627661,0.012246647480252282,0.010205539566876901,0.010205539566876901,0.00408221582675076,0.00204110791337538,0.00204110791337538,0.00408221582675076,0.006123323740126141,0.00816443165350152,0.012246647480252282,0.014287755393627661,0.014287755393627661,0.018369971220378423,0.020411079133753802,0.024493294960504564,0.026534402873879943,0.024493294960504564,0.02245218704712918,0.018369971220378423,0.014287755393627661,0.012246647480252282,0.012246647480252282,0.00816443165350152,0.012246647480252282,0.00816443165350152,0.010205539566876901,0.010205539566876901,0.010205539566876901,0.014287755393627661,0.014287755393627661,0.014287755393627661,0.01632886330700304,0.01632886330700304,0.012246647480252282,0.014287755393627661,0.014287755393627661,0.014287755393627661,0.014287755393627661,0.012246647480252282,0.012246647480252282,0.012246647480252282,0.012246647480252282,0.012246647480252282,0.010205539566876901,0.00816443165350152,0.00408221582675076,0.00408221582675076,0.00408221582675076,0.00204110791337538,0.00204110791337538,0.00204110791337538,0.00204110791337538,0.00204110791337538,0.00204110791337538,0.00204110791337538,0.00204110791337538,0.00408221582675076,0.00408221582675076,0.00408221582675076,0.00408221582675076,0.00408221582675076,0.00204110791337538,0.00204110791337538,0.00204110791337538,0.00204110791337538,0.00204110791337538,0.0,0.0,0.0,0.00204110791337538,0.00408221582675076,0.00408221582675076,0.00408221582675076,0.006123323740126141,0.006123323740126141,0.00816443165350152,0.012246647480252282,0.014287755393627661,0.01632886330700304,0.014287755393627661,0.012246647480252282,0.012246647480252282,0.014287755393627661,0.014287755393627661,0.014287755393627661,0.012246647480252282,0.010205539566876901,0.00816443165350152,0.006123323740126141,0.006123323740126141,0.006123323740126141,0.00816443165350152,0.00816443165350152,0.006123323740126141,0.006123323740126141,0.006123323740126141,0.00408221582675076,0.006123323740126141,0.006123323740126141,0.006123323740126141,0.006123323740126141,0.00408221582675076,0.00204110791337538,0.00204110791337538,0.00408221582675076,0.00408221582675076,0.00408221582675076,0.00204110791337538,0.00204110791337538,0.00204110791337538,0.00204110791337538,0.00204110791337538,0.00408221582675076,0.00408221582675076,0.00408221582675076,0.00408221582675076,0.01632886330700304,0.03265772661400608,0.06327434531463678,0.10001428775539363,0.11634315106239666,0.14083644602290124,0.15104198558977813,0.18369971220378423,0.2061518992509134,0.23064519421141796,0.24289184169167025,0.26126181291204864,0.2551384891719225,0.25309738125854714,0.2592207049986733,0.2592207049986733,0.2816728920458025,0.27554956830567634,0.28371399995917784,0.28371399995917784,0.2877962157859286,0.3000428632661809,0.2980017553528055,0.2980017553528055,0.3122895107464332,0.3082072949196824,0.3122895107464332,0.32249505031331005,0.32249505031331005,0.33474169779356233,0.33678280570693775,0.3122895107464332,0.3122895107464332,0.32249505031331005,0.3082072949196824,0.32249505031331005,0.3163717265731839,0.2980017553528055,0.3000428632661809,0.2980017553528055,0.3000428632661809,0.31433061865980855,0.32249505031331005,0.3000428632661809,0.3041250790929316,0.2980017553528055,0.289837323699304,0.2980017553528055,0.30616618700630704,0.2959606474394301,0.2959606474394301,0.289837323699304,0.2857551078725532,0.27963178413242706,0.289837323699304,0.29187843161267935,0.30616618700630704,0.31433061865980855,0.3000428632661809,0.3000428632661809,0.2980017553528055,0.29391953952605476,0.29187843161267935,0.3082072949196824,0.3041250790929316,0.3163717265731839,0.3122895107464332,0.2877962157859286,0.29391953952605476,0.3122895107464332,0.3204539423999347,0.3204539423999347,0.32657726614006083,0.3163717265731839,0.32249505031331005,0.30616618700630704,0.3000428632661809,0.3082072949196824,0.30616618700630704,0.2980017553528055,0.29187843161267935,0.29391953952605476,0.29391953952605476,0.30208397117955627,0.3041250790929316,0.31024840283305777,0.32249505031331005,0.3429061294470639,0.3408650215336885,0.3306594819668116,0.3306594819668116,0.3306594819668116,