# R script for Peak Model
#  -- generated by MACS
p <- c(0.011686680106348789,0.011686680106348789,0.011686680106348789,0.013147515119642388,0.016069185146229584,0.017530020159523183,0.016069185146229584,0.017530020159523183,0.020451690186110382,0.020451690186110382,0.017530020159523183,0.018990855172816783,0.018990855172816783,0.017530020159523183,0.014608350132935986,0.013147515119642388,0.013147515119642388,0.013147515119642388,0.011686680106348789,0.016069185146229584,0.014608350132935986,0.013147515119642388,0.013147515119642388,0.013147515119642388,0.016069185146229584,0.014608350132935986,0.016069185146229584,0.014608350132935986,0.014608350132935986,0.010225845093055191,0.011686680106348789,0.016069185146229584,0.017530020159523183,0.020451690186110382,0.018990855172816783,0.018990855172816783,0.018990855172816783,0.023373360212697578,0.023373360212697578,0.023373360212697578,0.020451690186110382,0.018990855172816783,0.018990855172816783,0.017530020159523183,0.016069185146229584,0.014608350132935986,0.018990855172816783,0.014608350132935986,0.016069185146229584,0.016069185146229584,0.017530020159523183,0.014608350132935986,0.013147515119642388,0.011686680106348789,0.013147515119642388,0.017530020159523183,0.013147515119642388,0.014608350132935986,0.014608350132935986,0.014608350132935986,0.013147515119642388,0.013147515119642388,0.013147515119642388,0.013147515119642388,0.013147515119642388,0.011686680106348789,0.011686680106348789,0.011686680106348789,0.008765010079761592,0.008765010079761592,0.010225845093055191,0.010225845093055191,0.010225845093055191,0.011686680106348789,0.010225845093055191,0.008765010079761592,0.008765010079761592,0.005843340053174394,0.008765010079761592,0.013147515119642388,0.011686680106348789,0.011686680106348789,0.013147515119642388,0.013147515119642388,0.013147515119642388,0.014608350132935986,0.016069185146229584,0.016069185146229584,0.013147515119642388,0.008765010079761592,0.010225845093055191,0.010225845093055191,0.011686680106348789,0.010225845093055191,0.011686680106348789,0.010225845093055191,0.008765010079761592,0.013147515119642388,0.013147515119642388,0.013147515119642388,0.013147515119642388,0.014608350132935986,0.014608350132935986,0.017530020159523183,0.016069185146229584,0.018990855172816783,0.017530020159523183,0.016069185146229584,0.017530020159523183,0.017530020159523183,0.016069185146229584,0.014608350132935986,0.013147515119642388,0.013147515119642388,0.016069185146229584,0.014608350132935986,0.014608350132935986,0.013147515119642388,0.011686680106348789,0.014608350132935986,0.016069185146229584,0.016069185146229584,0.014608350132935986,0.011686680106348789,0.008765010079761592,0.005843340053174394,0.007304175066467993,0.005843340053174394,0.005843340053174394,0.002921670026587197,0.0014608350132935986,0.002921670026587197,0.002921670026587197,0.005843340053174394,0.007304175066467993,0.008765010079761592,0.008765010079761592,0.008765010079761592,0.010225845093055191,0.013147515119642388,0.014608350132935986,0.016069185146229584,0.017530020159523183,0.016069185146229584,0.017530020159523183,0.016069185146229584,0.018990855172816783,0.021912525199403978,0.021912525199403978,0.020451690186110382,0.020451690186110382,0.018990855172816783,0.020451690186110382,0.018990855172816783,0.018990855172816783,0.018990855172816783,0.014608350132935986,0.014608350132935986,0.013147515119642388,0.014608350132935986,0.014608350132935986,0.013147515119642388,0.011686680106348789,0.014608350132935986,0.011686680106348789,0.014608350132935986,0.014608350132935986,0.011686680106348789,0.014608350132935986,0.013147515119642388,0.013147515119642388,0.013147515119642388,0.013147515119642388,0.010225845093055191,0.010225845093055191,0.007304175066467993,0.007304175066467993,0.008765010079761592,0.007304175066467993,0.007304175066467993,0.005843340053174394,0.005843340053174394,0.004382505039880796,0.005843340053174394,0.005843340053174394,0.005843340053174394,0.007304175066467993,0.005843340053174394,0.004382505039880796,0.004382505039880796,0.005843340053174394,0.008765010079761592,0.014608350132935986,0.014608350132935986,0.014608350132935986,0.017530020159523183,0.017530020159523183,0.018990855172816783,0.018990855172816783,0.017530020159523183,0.016069185146229584,0.014608350132935986,0.014608350132935986,0.016069185146229584,0.017530020159523183,0.017530020159523183,0.016069185146229584,0.014608350132935986,0.014608350132935986,0.017530020159523183,0.017530020159523183,0.017530020159523183,0.013147515119642388,0.011686680106348789,0.010225845093055191,0.007304175066467993,0.010225845093055191,0.010225845093055191,0.010225845093055191,0.007304175066467993,0.007304175066467993,0.005843340053174394,0.007304175066467993,0.005843340053174394,0.007304175066467993,0.007304175066467993,0.004382505039880796,0.004382505039880796,0.004382505039880796,0.004382505039880796,0.005843340053174394,0.007304175066467993,0.007304175066467993,0.008765010079761592,0.008765010079761592,0.010225845093055191,0.011686680106348789,0.013147515119642388,0.013147515119642388,0.013147515119642388,0.014608350132935986,0.014608350132935986,0.013147515119642388,0.013147515119642388,0.013147515119642388,0.013147515119642388,0.011686680106348789,0.010225845093055191,0.010225845093055191,0.011686680106348789,0.008765010079761592,0.007304175066467993,0.005843340053174394,0.004382505039880796,0.002921670026587197,0.0014608350132935986,0.002921670026587197,0.004382505039880796,0.004382505039880796,0.002921670026587197,0.002921670026587197,0.004382505039880796,0.004382505039880796,0.004382505039880796,0.005843340053174394,0.008765010079761592,0.008765010079761592,0.010225845093055191,0.010225845093055191,0.011686680106348789,0.011686680106348789,0.013147515119642388,0.013147515119642388,0.013147515119642388,0.013147515119642388,0.011686680106348789,0.010225845093055191,0.007304175066467993,0.007304175066467993,0.007304175066467993,0.010225845093055191,0.010225845093055191,0.011686680106348789,0.013147515119642388,0.011686680106348789,0.011686680106348789,0.011686680106348789,0.013147515119642388,0.013147515119642388,0.011686680106348789,0.010225845093055191,0.008765010079761592,0.007304175066467993,0.007304175066467993,0.007304175066467993,0.005843340053174394,0.008765010079761592,0.007304175066467993,0.007304175066467993,0.007304175066467993,0.023373360212697578,0.05405089549186315,0.08911093581090952,0.11540596605019429,0.14754433634265346,0.17383936658193824,0.1899085517281678,0.2205860870073334,0.24542028223332457,0.27463698249919655,0.2921670026587197,0.28486282759225173,0.27317614748590296,0.2673328074327285,0.25564612732637976,0.2717153124726093,0.2863236626055453,0.28340199257895815,0.28778449761883895,0.2921670026587197,0.2863236626055453,0.2863236626055453,0.2965495076986005,0.2994711777251877,0.3155403628714173,0.2994711777251877,0.29801034271189414,0.30239284775177494,0.2994711777251877,0.2863236626055453,0.28778449761883895,0.29801034271189414,0.2907061676454261,0.2863236626055453,0.27317614748590296,0.27609781751249013,0.2673328074327285,0.25564612732637976,0.26587197241943494,0.28048032255237093,0.27317614748590296,0.26148946737955414,0.26441113740614136,0.2863236626055453,0.2863236626055453,0.3038536827650685,0.3009320127384813,0.31700119788471093,0.3053145177783621,0.2921670026587197,0.28924533263213253,0.2921670026587197,0.3009320127384813,0.28924533263213253,0.2994711777251877,0.28340199257895815,0.29801034271189414,0.2965495076986005,0.3126186928448301,0.3301487130043533,0.3374528880708213,0.3330703830309405,0.3213837029245917,0.3140795278581237,0.3111578578315365,0.3184620328980045,0.3199228679112981,0.3140795278581237,0.2994711777251877,0.2965495076986005,0.3067753527916557,0.31700119788471093,0.3126186928448301,0.3126186928448301,0.3140795278581237,0.2950886726853069,0.2965495076986005,0.2921670026587197,0.3038536827650685,0.29801034271189414,0.2921670026587197,0.29362783767201334,0.3111578578315365,0.3184620328980045,