# R script for Peak Model
#  -- generated by MACS
p <- c(0.00526999964866669,0.00526999964866669,0.00526999964866669,0.007026666198222254,0.007026666198222254,0.008783332747777817,0.008783332747777817,0.008783332747777817,0.007026666198222254,0.008783332747777817,0.01053999929733338,0.01053999929733338,0.01053999929733338,0.01053999929733338,0.012296665846888943,0.01053999929733338,0.012296665846888943,0.012296665846888943,0.01053999929733338,0.008783332747777817,0.00526999964866669,0.00526999964866669,0.007026666198222254,0.007026666198222254,0.007026666198222254,0.007026666198222254,0.007026666198222254,0.007026666198222254,0.007026666198222254,0.007026666198222254,0.008783332747777817,0.01053999929733338,0.008783332747777817,0.007026666198222254,0.00526999964866669,0.007026666198222254,0.00526999964866669,0.007026666198222254,0.007026666198222254,0.007026666198222254,0.00526999964866669,0.003513333099111127,0.003513333099111127,0.003513333099111127,0.00526999964866669,0.003513333099111127,0.003513333099111127,0.0017566665495555634,0.0017566665495555634,0.0017566665495555634,0.0017566665495555634,0.003513333099111127,0.003513333099111127,0.003513333099111127,0.0017566665495555634,0.0017566665495555634,0.003513333099111127,0.00526999964866669,0.007026666198222254,0.008783332747777817,0.008783332747777817,0.007026666198222254,0.007026666198222254,0.01053999929733338,0.014053332396444507,0.014053332396444507,0.012296665846888943,0.014053332396444507,0.014053332396444507,0.012296665846888943,0.014053332396444507,0.014053332396444507,0.014053332396444507,0.01053999929733338,0.007026666198222254,0.007026666198222254,0.01053999929733338,0.008783332747777817,0.007026666198222254,0.008783332747777817,0.008783332747777817,0.008783332747777817,0.008783332747777817,0.008783332747777817,0.012296665846888943,0.014053332396444507,0.012296665846888943,0.01053999929733338,0.012296665846888943,0.01053999929733338,0.01053999929733338,0.012296665846888943,0.014053332396444507,0.01580999894600007,0.012296665846888943,0.01053999929733338,0.01053999929733338,0.01053999929733338,0.01053999929733338,0.01053999929733338,0.012296665846888943,0.014053332396444507,0.014053332396444507,0.012296665846888943,0.014053332396444507,0.01580999894600007,0.014053332396444507,0.017566665495555633,0.01580999894600007,0.017566665495555633,0.017566665495555633,0.01580999894600007,0.014053332396444507,0.01580999894600007,0.014053332396444507,0.014053332396444507,0.019323332045111198,0.01580999894600007,0.01580999894600007,0.01580999894600007,0.012296665846888943,0.01053999929733338,0.01053999929733338,0.008783332747777817,0.008783332747777817,0.007026666198222254,0.0017566665495555634,0.0017566665495555634,0.003513333099111127,0.003513333099111127,0.00526999964866669,0.00526999964866669,0.00526999964866669,0.008783332747777817,0.008783332747777817,0.01053999929733338,0.012296665846888943,0.012296665846888943,0.01053999929733338,0.008783332747777817,0.008783332747777817,0.008783332747777817,0.008783332747777817,0.007026666198222254,0.008783332747777817,0.007026666198222254,0.00526999964866669,0.00526999964866669,0.007026666198222254,0.007026666198222254,0.01053999929733338,0.012296665846888943,0.012296665846888943,0.01053999929733338,0.008783332747777817,0.01053999929733338,0.01053999929733338,0.01053999929733338,0.01053999929733338,0.01053999929733338,0.00526999964866669,0.00526999964866669,0.007026666198222254,0.008783332747777817,0.008783332747777817,0.007026666198222254,0.008783332747777817,0.008783332747777817,0.007026666198222254,0.007026666198222254,0.007026666198222254,0.00526999964866669,0.003513333099111127,0.0017566665495555634,0.0017566665495555634,0.0017566665495555634,0.0017566665495555634,0.007026666198222254,0.008783332747777817,0.01053999929733338,0.012296665846888943,0.014053332396444507,0.01580999894600007,0.01580999894600007,0.017566665495555633,0.017566665495555633,0.017566665495555633,0.012296665846888943,0.012296665846888943,0.01053999929733338,0.01053999929733338,0.008783332747777817,0.007026666198222254,0.007026666198222254,0.007026666198222254,0.007026666198222254,0.01053999929733338,0.01580999894600007,0.017566665495555633,0.02107999859466676,0.02107999859466676,0.02107999859466676,0.022836665144222324,0.024593331693777885,0.022836665144222324,0.022836665144222324,0.017566665495555633,0.012296665846888943,0.008783332747777817,0.008783332747777817,0.007026666198222254,0.008783332747777817,0.007026666198222254,0.008783332747777817,0.01053999929733338,0.01053999929733338,0.01053999929733338,0.01053999929733338,0.01053999929733338,0.007026666198222254,0.008783332747777817,0.008783332747777817,0.008783332747777817,0.00526999964866669,0.00526999964866669,0.00526999964866669,0.00526999964866669,0.00526999964866669,0.007026666198222254,0.007026666198222254,0.00526999964866669,0.003513333099111127,0.003513333099111127,0.003513333099111127,0.0017566665495555634,0.0017566665495555634,0.003513333099111127,0.003513333099111127,0.0017566665495555634,0.003513333099111127,0.003513333099111127,0.003513333099111127,0.003513333099111127,0.00526999964866669,0.007026666198222254,0.007026666198222254,0.007026666198222254,0.008783332747777817,0.01053999929733338,0.008783332747777817,0.008783332747777817,0.01053999929733338,0.01053999929733338,0.008783332747777817,0.008783332747777817,0.008783332747777817,0.007026666198222254,0.007026666198222254,0.00526999964866669,0.00526999964866669,0.00526999964866669,0.003513333099111127,0.003513333099111127,0.003513333099111127,0.0017566665495555634,0.003513333099111127,0.003513333099111127,0.0017566665495555634,0.003513333099111127,0.003513333099111127,0.00526999964866669,0.00526999964866669,0.00526999964866669,0.007026666198222254,0.007026666198222254,0.00526999964866669,0.00526999964866669,0.007026666198222254,0.00526999964866669,0.00526999964866669,0.00526999964866669,0.00526999964866669,0.00526999964866669,0.003513333099111127,0.003513333099111127,0.003513333099111127,0.003513333099111127,0.0017566665495555634,0.0017566665495555634,0.0017566665495555634,0.0017566665495555634,0.0017566665495555634,0.007026666198222254,0.007026666198222254,0.007026666198222254,0.007026666198222254,0.007026666198222254,0.01053999929733338,0.01053999929733338,0.01053999929733338,0.019323332045111198,0.043916663738889083,0.06323999578400027,0.08958999402733372,0.11066999262200049,0.14931665671222288,0.17215332185644522,0.19674665355022308,0.22485331834311212,0.2529599831360011,0.2722833151811123,0.28809331412711237,0.29160664722622354,0.28984998067666795,0.30038997997400135,0.29511998032533465,0.30917331272177917,0.3161999789200014,0.3267399782173348,0.3249833116677792,0.32322664511822363,0.305659979622668,0.3074166461722236,0.3161999789200014,0.30917331272177917,0.29511998032533465,0.30038997997400135,0.3126866458208903,0.29863331342444577,0.305659979622668,0.3109299792713347,0.3267399782173348,0.3302533113164459,0.34254997716333485,0.34430664371289044,0.35308997646066825,0.34079331061377927,0.33200997786600145,0.3355233109651126,0.32849664476689033,0.33200997786600145,0.32322664511822363,0.3302533113164459,0.30917331272177917,0.3144433123704458,0.32849664476689033,0.33200997786600145,0.3249833116677792,0.3249833116677792,0.33200997786600145,0.3197133120191125,0.32849664476689033,0.3021466465235569,0.305659979622668,0.30917331272177917,0.3126866458208903,0.305659979622668,0.30038997997400135,0.30390331307311247,0.3109299792713347,0.3267399782173348,0.3197133120191125,0.3495766433615571,0.3495766433615571,0.3495766433615571,0.34606331026244597,0.34079331061377927,0.3548466430102238,0.35133330991111267,0.3495766433615571,0.34781997681200155,0.3671433088571127,0.3548466430102238,0.35308997646066825,0.34254997716333485,0.3197133120191125,0.3302533113164459,0.3197133120191125,0.33200997786600145,0.32322664511822363,0.3197133120191125,0.3021466465235569,0.2968766468748902,0.30390331307311247,0.3197133120191125,0.3249833116677792,0.32849664476689033,0.3495766433615571,